1.730207 -1.848657
0.359788 -0.337610
-2.981336 3.080587
2.386856 -2.842995
-3.315642 0.656019
-2.853175 2.712063
1.579380 -1.547237
-1.293913 0.294290
-2.404734 0.275367
-3.611718 2.107299
-1.564013 0.684938
-4.029434 2.320919
1.581379 -1.073132
-3.573593 1.801126
-4.077971 4.163650
1.127848 -1.163471
-2.991506 3.360687
1.799828 -1.457303
1.622473 -1.714158
-2.678284 2.536361
-0.175381 0.634358
-2.061181 2.212370
-2.419717 -0.439707
-2.407441 2.205071
-2.470079 2.320692
-2.820693 3.122119
0.477408 -0.345109
-1.654487 1.088745
-3.391598 3.478936
-0.219248 0.368953
-4.052104 2.369252
0.465871 0.015342
0.780273 -0.498001
-2.619409 3.236418
-2.352876 2.302688
-3.897286 1.971079
-1.939157 1.410067
-2.125273 1.465615
-2.832966 2.553829
-2.491317 0.492250
-3.688151 3.828821
-3.530014 4.096776
0.184091 0.446490
-3.908495 1.873335
-2.529057 0.257267
2.720407 -3.150189
-3.321245 0.829135
0.508824 -0.170242
1.717844 -2.006825
0.986317 -0.849263
0.866893 -0.989808
-3.042728 3.433837
-1.578906 -1.233228
-2.704522 2.854357
-0.254662 1.049381
-2.989446 0.914609
1.897759 -2.080142
0.781499 -0.644794
-3.194783 0.463379
0.883784 -0.943380
-5.241005 3.575867
1.940703 -2.078952
1.854919 -1.814385
-2.938374 3.517653
-3.731037 3.416456
-2.289130 -0.424697
1.229401 -1.516419
0.664428 -0.161076
-2.325114 2.128009
-2.236570 2.093789
-1.558793 1.003998
-4.295728 2.733282
0.689987 -0.332779
-3.125313 1.207084
1.339009 -2.201411
-2.758490 3.258988
-0.009988 0.244966
0.602036 0.306841
-2.515415 2.417508
1.008936 -1.064770
-3.132481 0.839575
-3.675820 3.693075
0.571844 0.009471
-1.623602 1.466362
1.221513 -1.010402
1.383775 -1.577232
1.007102 -1.123873
2.124624 -2.153046
0.645584 -0.525375
-2.031554 1.561414
-3.094192 1.178559
-1.954484 1.710686
-2.886553 0.667264
-2.995087 0.461894
-1.591733 -1.378941
-1.989643 1.938459
-3.566014 1.216900
-4.140751 2.066243
-3.678624 1.744481
-1.843012 2.215371
-4.116185 1.718083
1.612500 -1.350515
1.036400 -1.426450
1.511615 -2.234357
0.558006 -0.447893
-3.097271 0.813340
1.181045 -0.814018
-2.015486 1.608158
-2.940685 3.068155
-2.461785 1.984783
-3.460298 3.587279
2.124332 -2.563541
-0.132633 0.536012
1.698923 -1.691243
-3.011081 3.031865
-4.450781 2.969225
1.484152 -0.753414
-1.395769 0.278521
-2.618002 0.233828
-3.180550 0.980412
-3.620272 1.260762
-4.307935 5.011126
-3.586456 3.823231
-2.759580 2.996562
-4.338619 2.943992
-2.682915 0.131241
-3.464123 3.510176
1.131293 -0.987412
1.554913 -1.385089
-3.812466 4.239838
-1.706892 -0.760426
-2.261357 2.343115
0.821519 -0.372170
-2.383262 1.586533
0.743512 -0.723274
-3.342144 0.892115
-2.901666 0.375258
-0.179064 0.596985
-4.974698 3.341465
0.296222 -0.293930
-3.027351 3.619767
1.081948 -1.311051
-3.772073 1.811868
-2.714837 2.964906
-2.777122 2.615259
-1.821007 1.496499
1.019743 -0.932729
-2.522423 -0.581888
-4.732943 2.831221
-3.179213 3.845148
0.620899 -0.376895
-2.641195 2.509899
-3.360461 1.358356
-2.018932 -0.606714
0.908953 -1.164931
-4.114742 2.320203
-3.225121 0.614648
-3.039201 0.394364
0.176306 -0.369878
1.214832 -1.466782
-2.685132 3.026208
-3.047418 0.812918
-2.907718 2.855638
-3.451897 1.780078
2.210618 -2.458717
1.029221 -1.081471
-3.004645 0.489360
-1.693370 1.217774
1.676011 -2.813749
-4.209223 2.711527
-3.116468 2.726908
1.349294 -1.076491
-3.372334 3.711413
0.220342 0.083837
0.451540 -0.490693
-2.743239 0.303478
-1.813522 -0.493211
-3.476748 1.513078
0.930629 -0.450434
-2.938993 3.112027
-2.495337 0.486024
-4.556948 2.681036
0.670880 -0.030164
-3.403546 3.810241
-2.158460 1.953515
-3.342918 3.577587
-1.447838 1.378730
-2.964226 2.662288
0.866451 -1.359005
-4.099111 1.911629
-2.683927 2.207465
-2.792926 1.198302
-3.423316 1.378177
-3.375116 3.928726
-4.811055 3.037798
-2.495826 2.290726
-3.504434 1.403038
-4.507421 2.570548
-2.509810 2.341938
-1.900780 1.875675
-2.485949 -0.045543
-4.398343 2.348145
-4.996937 3.263906
-2.546559 0.236588
-0.583342 1.201520
-2.316248 -0.190641
-3.680789 1.573065
0.021965 0.300435
-2.476022 2.662163
-2.814656 3.115052
-3.117637 0.550697
-2.623016 2.190021
-2.905986 2.756485
1.872491 -1.922338
1.013756 -1.070602
-3.419146 1.789652
-2.839038 0.391311
-2.058233 -0.464864
-3.244695 1.696724
-2.254558 2.709490
-3.273327 3.747658
-2.993157 3.167302
-2.579751 0.661439
0.258447 -0.031257
-2.102296 2.351729
-3.198269 3.627302
-3.978628 1.912171
-1.138591 0.857105
1.578358 -1.977712
-2.869788 2.799780
0.389820 0.023147
-3.800209 1.947655
-3.431979 1.688493
-3.426716 0.925268
-2.684113 0.087601
1.711601 -1.753760
-0.096459 0.171651
-2.874748 0.550247
-3.545841 1.288822
-2.107490 2.412569
-1.866063 1.197649
-0.069083 0.956326
-2.163125 1.929090
-2.456805 0.147917
1.412892 -0.939436
-2.871361 0.621023
0.229538 0.311241
1.143846 -0.758613
1.435843 -1.028643
-3.279311 3.837438
-3.306756 3.536740
-2.250342 -0.377577
-3.915910 4.561467
1.098912 -0.737403
-3.961684 1.905292
-3.838145 2.260293
-1.366804 1.438961
-0.016591 0.937719
-2.246981 -0.245969
-2.066753 0.437248
-2.725113 2.931576
0.647872 -0.409461
-2.963816 0.771572
1.531224 -1.395562
-3.399125 4.240036
1.311086 -1.100255
1.523772 -1.334196
1.197781 -1.203840
-2.818217 0.601476
0.972157 -0.228376
-2.171864 -0.361219
0.415954 -0.144050
-2.915504 3.001149
-3.172473 3.228393
-1.781601 1.748568
-3.134824 0.484548
-3.534540 4.181951
-3.090313 2.666365
-2.807397 0.708233
-1.491702 1.306839
-2.215661 2.210582
-2.248147 2.231482
-5.700802 4.472004
-0.153173 0.234547
-2.532385 2.466131
1.054465 -0.584454
-2.356732 2.297228
-2.196981 -0.753856
-3.353503 1.246525
-2.412671 2.281933
-2.197320 2.231127
-2.636809 0.876423
0.025803 0.070847
1.150549 -0.665927
-2.553909 -0.184247
-3.731512 1.249492
-1.391290 1.540558
0.468244 -0.315497
-3.553138 1.132288
-3.341412 1.283158
-4.835828 3.211480
-3.472662 3.505458
-3.206886 1.161859
0.438246 -0.495344
-2.744367 0.544724
0.283642 0.371480
-2.164791 1.893567
0.274701 0.467483
1.635873 -1.653376
-2.554600 0.633991
-4.064220 4.850754
-2.626471 2.784218
-1.618772 -1.288567
-3.370866 3.097843
-2.925688 0.796630
-4.415329 2.868090
0.895451 -0.155868
-2.414883 0.278358
0.970580 -1.257056
-2.450042 1.879986
-4.423811 2.757468
1.388474 -1.193475
0.280524 -0.053154
-2.091245 -0.972495
-3.983784 4.146323
-2.734103 -0.138685
-2.395972 2.624090
0.923804 -0.358427
-1.758196 -0.920882
0.886237 -0.342550
-3.420422 1.360541
0.701489 -0.489101
-1.700526 1.502760
1.356467 -1.629972
1.252605 -1.059239
0.111976 0.386779
0.529230 -0.524364
1.775677 -1.709420
-2.472719 0.524202
-3.344659 1.158755
-3.551609 3.068168
-3.544652 1.949479
2.065278 -2.506468
-3.042035 3.104522
0.675095 -0.526715
-3.801363 1.833969
-2.435404 -0.225527
-2.882878 0.504513
-3.908881 1.572458
-3.134664 3.326427
1.843299 -1.527155
-2.925489 2.890097
-2.670675 2.737276
0.827016 -0.079005
-3.053028 0.790654
0.440931 0.263755
1.434563 -0.758946
-2.962820 3.175069
1.825239 -1.711722
0.575965 -0.268065
1.520116 -1.474080
-4.048984 1.970941
-2.666035 -0.128200
0.179189 0.499480
0.318312 -0.352098
-2.202246 1.983006
-2.338332 2.082646
1.188640 -0.919436
-3.326871 1.017125
2.247522 -2.296684
-2.956152 3.542581
0.771515 -0.837188
-2.920989 3.263067
0.939456 -0.683294
-3.327275 1.391879
1.032558 -0.788041
-1.937665 1.922018
1.677643 -2.526679
-2.593682 2.999566
-3.976949 2.745575
-4.278401 4.989061
-4.230872 1.552902
0.096067 0.286373
-3.875591 4.474070
0.183760 0.781589
-3.317460 0.885676
-2.966257 0.549410
1.593246 -1.270903
-3.177642 2.994750
-2.968526 2.906468
-3.010025 3.395848
-2.867493 0.250543
-2.722785 0.293733
-2.937691 3.256057
1.438748 -0.949195
-2.943883 3.102787
-3.458611 1.626909
0.296543 0.423765
-0.311211 0.971254
-3.476229 1.694069
1.098690 -1.178024
-2.795484 2.975425
1.246990 -1.421101
-2.825852 2.751408
1.503304 -1.336814
-3.671187 3.657554
-3.091519 2.290721
-2.636529 2.205610
-2.902829 3.241164
2.037661 -2.050705
-2.437974 0.481733
-2.806293 0.902227
-2.966507 1.099837
-0.895051 1.364193
-2.645582 2.766881
1.407297 -1.513013
1.979400 -2.275617
0.990552 -1.059788
-3.121760 1.098603
-4.356682 2.236411
-1.830158 -0.765938
-3.167684 2.746518
-3.142104 3.538007
-3.655743 1.960808
-3.102544 3.334461
1.894782 -2.074284
-3.501637 1.860219
-0.055157 1.034748
-2.916925 2.354779
-3.159608 0.802699
-3.341121 0.941574
-2.204615 1.847724
-3.554292 0.937379
-1.843209 2.119963
-4.473414 5.007692
0.718210 -0.399474
-2.176694 2.053348
-2.416590 2.319666
-2.480006 0.359967
-3.294280 3.186791
-3.666246 1.598442
-1.543865 1.086000
-1.451630 1.810176
-2.122008 2.279549
-4.074341 4.275141
-2.086937 -0.713541
-0.531756 1.186077
-2.350067 2.924701
2.454847 -2.531256
-3.879167 2.121501
-3.564427 0.916962
1.745159 -1.906592
-3.413202 0.979894
-2.626156 0.318262
-3.352838 0.807314
0.545862 -0.390766
-2.207902 1.662679
1.525721 -1.021004
-3.301015 1.570165
-2.968152 3.975139
-2.302543 1.935015
1.777136 -1.243936
1.246662 -0.893458
-2.995044 1.151233
-3.354812 1.556268
-4.386999 2.369494
1.943813 -1.211806
-2.683615 0.606656
0.972958 -1.159415
2.202902 -2.367568
-4.260798 4.711002
-2.956526 1.150744
1.887565 -2.007065
-2.690446 0.678498
-3.082660 3.525964
0.672699 -0.383323
0.202028 -0.206233
1.276411 -1.537714
0.582464 -0.216846
-3.476056 1.556348
-2.038536 1.126476
-3.472209 3.883939
-2.937150 0.985622
-2.190230 1.745483
-3.577262 1.677829
-3.165855 4.254604
0.578755 -0.369097
-4.433146 5.098429
-3.307019 2.930891
-1.948194 1.869854
-3.756284 1.331811
0.464953 -0.757125
0.374614 -0.068664
-3.691348 1.852499
-2.695988 2.617935
-2.505108 -0.038790
1.843495 -1.758564
-2.422208 2.141259
-4.392047 2.985116
0.932874 -0.698043
