-6.467625 -10.030514
7.499852 9.552743
8.005995 9.533884
7.334281 -0.164088
8.391643 1.907769
6.352834 2.524823
8.822174 10.762322
8.745835 0.001942
7.493413 11.008924
5.822598 8.887272
5.278018 8.934741
6.652555 1.505057
7.112992 1.004664
-6.020829 -10.106042
7.856869 1.416472
-4.998296 -8.562340
7.012307 1.391218
-6.112811 -9.241106
-6.616709 -9.707261
7.946578 -0.376224
10.013675 10.520895
-5.879636 -11.017433
8.564814 9.444921
5.172096 11.780648
-4.953824 -9.925395
9.067521 0.690750
8.728107 0.754916
-5.805555 -9.242922
7.612279 9.446363
6.815868 9.962568
5.167441 2.101994
-3.131559 -9.831262
-6.014547 -9.976319
9.170618 10.376907
5.630875 0.996739
7.595275 1.327395
7.542578 7.024030
-5.459084 -10.370500
-3.952410 -9.254160
6.173574 8.737566
-5.936320 -9.984975
9.403531 8.095921
6.334262 2.697651
8.185145 9.513378
9.476299 1.909209
8.295877 1.244022
5.974640 10.873506
-5.521394 -9.265091
6.754451 9.745319
8.800021 8.543235
7.528727 0.031769
6.915117 8.648124
-5.059712 -10.144223
6.534240 9.455323
-6.583945 -9.334578
7.274233 9.184600
6.851577 2.923548
7.730046 6.862642
-5.895812 -10.433218
7.844021 10.290604
8.894646 10.298064
8.587102 1.661689
9.196424 11.575370
-5.481469 -9.061879
5.782801 -0.576548
-7.758474 -8.694921
5.760920 -0.344900
7.310541 0.391029
8.733851 -0.295606
7.163616 -0.659077
8.802460 0.937630
6.093823 9.380444
7.474315 1.787170
7.407839 6.936331
9.941469 1.150162
8.272192 0.290281
6.613497 1.747304
-4.652907 -9.666111
8.126096 0.868614
7.968634 2.100382
7.977463 -0.039856
9.941099 9.223957
9.515117 9.440965
8.758950 8.375097
6.653498 8.848928
7.861538 -0.729977
-6.364848 -10.151643
7.354782 0.088427
-3.999629 -7.999731
5.590110 -0.387688
9.478639 0.762224
6.278772 8.721864
8.204207 9.314904
7.376051 1.011679
8.144736 0.009645
-3.708403 -10.841878
-5.837556 -9.549466
5.424894 1.395952
7.953114 8.368977
6.258171 9.795055
-4.796561 -9.745781
7.469314 -0.015453
-2.284966 -11.229643
7.964816 8.039147
8.485677 2.089977
7.578183 9.586292
-3.860397 -9.653803
7.803611 9.745613
7.020688 0.535858
5.598789 7.591700
8.061641 8.437370
7.266973 9.870458
8.174803 0.325117
6.558192 8.847932
7.744885 0.144092
6.158955 8.702087
-5.669778 -10.253663
6.889958 8.462770
9.022555 10.067779
7.457442 0.392522
7.498144 9.296770
-5.793555 -11.200327
6.269772 2.110334
8.815457 8.763860
9.869363 0.764023
-5.162995 -9.403668
6.629342 9.653573
6.931317 7.894247
-5.281736 -9.265334
6.606051 3.197999
6.935408 1.742683
-6.514513 -8.737405
7.339127 -0.075339
7.683739 1.563270
7.761582 1.133207
8.002369 10.169173
-7.259504 -9.271937
-4.185317 -7.879283
7.294340 9.794865
-6.155247 -10.279421
7.090229 8.579198
7.456376 0.244406
-4.352914 -9.100303
-5.385208 -9.494965
-6.623960 -9.105871
6.713888 1.387419
8.616486 10.436750
-5.376969 -7.750515
-5.838980 -10.397339
9.100889 9.148074
-5.465091 -8.924864
7.806975 0.605826
-5.852943 -10.541557
-5.744724 -9.616814
-7.486216 -10.964833
8.328136 9.140024
7.949708 -0.373406
8.398001 2.839715
6.655891 8.010926
5.628040 9.775854
7.897658 8.219548
-5.160011 -9.534296
8.445221 2.263683
-6.472996 -9.441789
-5.620685 -8.658340
8.141306 0.886571
6.194000 8.197870
5.942056 10.507683
7.798874 2.185996
-4.430302 -7.974329
-4.831011 -9.285302
-4.489690 -10.009755
7.312943 9.921663
-5.054706 -10.013202
-4.623741 -9.950701
-5.678231 -11.553606
-5.174574 -9.150071
8.725787 10.346917
7.269470 10.983204
7.650235 0.728244
7.287250 7.620998
6.622575 2.044231
-4.539441 -8.950926
-5.731194 -9.423624
7.280208 0.244897
7.601887 10.069023
-6.545662 -9.795185
8.951426 1.150958
-3.877297 -9.046831
7.487007 1.712473
7.027838 0.679569
7.743632 -0.985051
7.590677 0.834437
7.115236 0.469668
-6.682856 -9.641287
-4.825888 -9.362502
9.109075 1.514168
7.954654 -0.826145
6.204317 8.968977
9.192427 8.684329
6.965753 -0.014885
6.583420 8.426787
-7.012301 -10.354109
-6.147842 -8.521669
7.211168 2.063628
5.605294 -1.037229
-5.234725 -10.375606
4.333668 10.510347
-5.601446 -10.525466
-5.052681 -9.130243
7.137601 9.843455
-5.706089 -9.359937
5.054085 10.079010
7.405659 8.829245
5.722430 1.205986
7.403149 10.423424
8.601997 8.326589
-6.693499 -9.502190
-6.296570 -9.441880
8.203162 12.013756
8.125195 1.671595
-6.743272 -9.296434
-4.367486 -10.965740
7.597088 10.819670
7.924300 0.104511
-4.078258 -9.872532
8.233233 -0.623972
3.824431 -0.653605
-6.639254 -9.929860
6.791166 0.943332
-5.896897 -10.104390
8.288271 10.717308
8.550945 -0.079142
9.674868 9.338119
6.959417 8.593000
7.157023 10.019030
7.765158 1.206806
8.263416 10.347234
-3.995263 -8.115149
7.325143 9.825416
-4.330167 -9.315366
-5.791130 -10.929132
8.216562 0.910242
-6.331432 -10.260196
7.992110 2.992097
5.940755 -0.447460
8.147150 2.093994
7.148329 8.176261
8.993342 9.731349
6.974228 9.558968
-5.486621 -7.799246
7.699606 -0.322898
-5.669916 -10.190740
-4.251440 -11.021007
7.380180 8.530768
6.897038 7.980810
7.584237 10.701244
8.319953 0.590996
6.052660 -0.466130
6.892289 8.606343
8.651660 -0.630779
6.029379 10.319741
8.578917 1.288476
-7.116820 -9.654247
-5.351316 -9.546556
7.602527 8.989624
7.596351 8.019795
-6.453768 -10.191441
-6.626555 -10.418195
7.135401 -0.639513
7.020379 9.256441
-4.414257 -9.886012
-5.081210 -8.651879
7.150133 9.528939
7.415466 9.724758
7.602099 -0.499292
-5.412688 -9.749209
7.906519 9.280030
7.469969 8.449353
6.450830 -1.046758
10.194846 1.071806
7.968226 1.164381
7.994555 1.834502
8.090742 9.563037
-3.830578 -10.770866
8.375011 2.065472
-6.899875 -10.898404
6.011232 -2.234410
7.162514 9.748787
7.405820 9.538804
-6.630425 -9.853531
7.498778 0.414773
5.284358 10.169724
-7.333366 -9.342229
5.521618 7.984464
9.040259 0.636041
-5.719257 -10.817383
6.851491 1.567993
6.631103 2.653081
-5.031781 -10.592006
5.073375 10.524830
7.924096 8.644638
-5.930476 -10.009349
8.277169 0.335882
7.250207 0.885725
-5.059965 -10.394737
8.572528 1.813653
6.240078 0.558478
8.163711 -0.470787
5.943566 0.609247
6.487392 8.838653
-3.357812 -8.951531
-6.640011 -10.725341
7.017473 -1.220168
-4.161456 -9.535120
-5.721260 -6.871095
7.246737 1.489716
-5.779589 -9.445470
-4.485644 -8.890184
7.829448 9.626272
6.967768 10.134155
-7.223911 -9.230959
6.285161 11.287177
7.099628 0.565520
6.108461 8.233440
7.140387 1.695163
6.023673 9.945849
6.052837 -0.383170
-5.488900 -8.809930
7.620516 9.371448
8.301859 0.072080
6.427226 1.059730
9.215031 1.821273
6.505189 9.020537
-5.086551 -10.103649
7.429229 1.459791
9.407384 2.073009
7.057915 11.329980
6.399960 0.075800
-5.515987 -8.878592
7.799247 10.595770
-6.417100 -9.547501
-6.017825 -10.125390
9.156683 9.594599
7.381535 1.885219
-4.478072 -10.918455
7.777243 0.042809
6.857695 10.301059
5.934352 9.476117
-4.094892 -9.050579
7.726547 2.038816
8.161065 -0.367283
7.242110 7.485069
7.212557 1.240021
5.632356 0.054023
8.771885 0.768341
8.798914 0.262199
8.322451 9.678192
8.809962 11.902170
7.653613 0.808669
-3.909692 -10.007069
6.958025 9.199246
8.677279 8.463473
9.317033 0.800524
8.721055 -0.343763
8.943024 8.407217
8.004056 10.536954
-4.848338 -9.505734
7.572804 1.790171
7.486654 0.213455
6.876264 9.226010
6.512123 -0.733630
7.163423 -0.738331
7.612029 9.028169
8.353122 0.203257
7.059913 2.500932
5.660203 9.181151
6.657127 7.727562
8.182404 8.170000
7.185861 -0.120595
6.361590 -0.016412
8.208946 -0.064758
-4.798438 -7.999857
-3.393248 -9.972547
7.620065 0.003751
8.197059 0.270111
-4.305542 -11.343098
6.100714 9.290077
7.402927 9.162177
-4.683746 -9.247993
8.500495 9.121479
-4.899514 -11.507805
-5.361301 -9.730427
-4.802135 -9.483346
7.943106 8.206222
-5.627471 -8.519514
7.322521 10.456618
7.630271 8.697979
7.501263 0.625170
-4.031836 -11.446590
-4.609930 -10.440924
-5.608943 -9.955825
-5.504960 -9.959529
7.473804 0.994464
7.446370 11.436750
7.422737 -0.628861
6.173035 0.742732
-6.433092 -9.947482
6.967679 8.962252
-5.393972 -7.445810
8.125728 -0.901630
7.658679 -0.170111
5.525687 10.349555
-4.000438 -8.760285
-5.077281 -8.314283
-5.258290 -10.383892
7.825101 8.418653
-5.486600 -9.306042
9.309199 2.463457
-5.113671 -10.801765
-5.968532 -9.389531
-4.474266 -10.254688
8.011419 9.201930
-5.468119 -11.445461
7.079786 7.814277
8.911112 9.149333
5.730128 1.828821
7.396346 8.901966
6.890789 10.612989
-6.343684 -9.540077
-6.005644 -8.820397
6.080578 0.769435
-3.730375 -10.565057
5.673095 0.813546
6.518769 -1.368817
7.514634 10.141076
-7.200322 -9.209882
5.641399 1.369024
7.647751 0.110440
7.568334 9.324433
6.999432 0.172412
-5.511341 -8.547048
-5.443580 -9.015400
7.220952 8.065444
-6.074195 -9.026113
-4.558202 -12.942964
8.910887 0.288344
8.766431 9.303503
6.408639 0.094337
-3.940453 -10.362062
-4.253684 -10.995479
-4.470404 -10.404860
-4.923376 -7.678500
7.659343 0.634497
6.791350 -0.248316
8.288000 10.032991
-4.483173 -10.416001
7.266112 1.083941
-4.841058 -9.839730
7.564760 11.247629
8.456234 9.741804
7.553034 11.857061
-6.330385 -9.832508
5.499532 9.043845
-4.369885 -10.027426
-5.298122 -11.386749
-6.269352 -10.452465
-4.176852 -9.448174
-6.567229 -10.662392
7.874626 1.512099
8.313412 9.983846
-4.052578 -10.315653
6.811700 10.884041
6.346815 10.330756
8.080346 10.028474
4.782467 9.350573
-3.974907 -9.543485
-5.263841 -8.895180
-6.352953 -10.722582
7.723603 8.686384
7.581705 0.934627
7.970490 9.541129
-5.492105 -9.532095
-6.934864 -9.399190
-5.536266 -8.374589
-2.998936 -11.852847
8.227999 9.813318
6.345261 8.706778
5.389979 9.048110
-7.507011 -10.468451
-4.256899 -9.497998
7.439415 -0.993839
-6.379102 -9.168676
-5.473904 -9.189226
6.584021 9.003257
7.847252 -0.258085
8.104350 1.836593
7.645628 8.236673
8.759721 9.129311
-4.107139 -8.453342
