0.453755 0.918967
0.452605 0.461103
0.162696 0.664905
0.168513 0.309638
0.699191 0.306058
0.602822 0.976711
0.043118 0.394208
0.899735 0.589868
0.941775 0.950465
0.827428 0.347919
0.026721 0.953806
0.204081 0.242582
0.665905 0.702182
0.959018 0.595267
0.440330 0.124381
0.857410 0.044265
0.852229 0.336314
0.908029 0.850623
0.698925 0.021341
0.691666 0.561825
0.252183 0.576870
0.849544 0.210652
0.339648 0.088311
0.778374 0.099343
0.911990 0.510856
0.273252 0.070026
0.817791 0.392289
0.884829 0.720552
0.084154 0.772125
0.822630 0.100185
0.670248 0.220981
0.335352 0.140407
0.043798 0.857506
0.932882 0.721773
0.164377 0.000913
0.363467 0.545314
0.416963 0.667559
0.278363 0.289953
0.006061 0.641517
0.845984 0.916243
0.587157 0.191653
0.410322 0.357684
0.057291 0.014083
0.310542 0.709299
0.650937 0.765265
0.875235 0.948809
0.798122 0.040568
0.968599 0.314728
0.883797 0.134413
0.655694 0.321265
0.794090 0.128541
0.507946 0.982059
0.725625 0.127095
0.658217 0.671397
0.825781 0.296732
0.146820 0.846715
0.364857 0.439275
0.959827 0.458491
0.081614 0.661028
0.716779 0.467279
0.703015 0.396085
0.900647 0.770597
0.279310 0.472152
0.722200 0.534175
0.519940 0.842539
0.652703 0.940471
0.271586 0.099733
0.185983 0.189828
0.554199 0.511921
0.594020 0.201057
0.239283 0.056956
0.025322 0.355451
0.746315 0.700111
0.665311 0.021470
0.948520 0.340397
0.434107 0.801253
0.091530 0.176853
0.325612 0.843386
0.685782 0.358394
0.933366 0.783701
0.010447 0.450290
0.425070 0.235600
0.281753 0.682847
0.240449 0.740331
0.469407 0.079653
0.406533 0.791516
0.129258 0.502686
0.186319 0.926359
0.548503 0.165265
0.559048 0.958591
0.829766 0.340107
0.743605 0.686448
0.748266 0.483485
0.919018 0.372572
0.962540 0.122427
0.932485 0.762296
0.955203 0.553634
0.936683 0.169610
0.029897 0.700666
0.863491 0.896891
0.061471 0.353232
0.444305 0.926224
0.292938 0.688376
0.219889 0.612727
0.113123 0.754547
0.044549 0.998343
0.801405 0.612697
0.768500 0.003026
0.428395 0.593622
0.976201 0.365863
0.970491 0.515549
0.069382 0.616501
0.822083 0.887134
0.528835 0.444816
0.638092 0.062409
0.941729 0.239908
0.627374 0.603545
0.721695 0.853532
0.252686 0.206924
0.746231 0.186489
0.956043 0.197256
0.526470 0.656272
0.170672 0.385943
0.779076 0.300155
0.344198 0.204121
0.758549 0.239479
0.270840 0.490880
0.191791 0.229625
0.926228 0.802081
0.268612 0.699109
0.364254 0.425026
0.705859 0.805458
0.263553 0.173753
0.439899 0.251599
0.803845 0.168913
0.326776 0.193200
0.033144 0.583959
0.780034 0.817728
0.688470 0.762803
0.443565 0.114305
0.272064 0.560736
0.929881 0.679962
0.184798 0.464545
0.837401 0.096770
0.079160 0.937488
0.873429 0.428645
0.724042 0.784353
0.330359 0.436235
0.860663 0.013369
0.338308 0.970711
0.458220 0.405419
0.032545 0.728849
0.941085 0.697741
0.657394 0.932044
0.154034 0.104043
0.685610 0.073647
0.908832 0.684857
0.775585 0.897972
0.082646 0.336970
0.554165 0.853836
0.555988 0.574150
0.573053 0.665743
0.724096 0.686045
0.138159 0.990634
0.852024 0.472624
0.643452 0.267292
0.829909 0.601027
0.262611 0.840834
0.098453 0.255158
0.337418 0.124198
0.464301 0.765731
0.407182 0.694879
0.194033 0.827030
0.170487 0.701249
0.281589 0.817087
0.964641 0.777026
0.053963 0.039388
0.021015 0.935183
0.178915 0.854343
0.733415 0.675975
0.047009 0.569839
0.973256 0.646495
0.289147 0.767608
0.485239 0.116932
0.876179 0.804525
0.026722 0.040710
0.188702 0.863037
0.194565 0.921724
0.510864 0.287252
0.125037 0.579952
0.896532 0.620363
0.434306 0.625009
0.734741 0.239159
0.269999 0.892353
0.780702 0.726467
0.670598 0.519342
0.362413 0.391793
0.079348 0.886192
0.021020 0.844723
0.455550 0.184285
0.622989 0.513141
0.640681 0.365771
0.798558 0.428232
0.388490 0.626380
0.836084 0.087703
0.437446 0.472980
0.531941 0.325974
0.183632 0.228494
0.246653 0.414172
0.553805 0.331817
0.825643 0.475859
0.305834 0.345637
0.989277 0.661531
0.409677 0.896848
0.764612 0.864614
0.161117 0.802418
0.480114 0.068148
0.092037 0.573398
0.388715 0.070823
0.436367 0.792149
0.215012 0.722545
0.426309 0.328697
0.417755 0.635903
0.382928 0.533457
0.074839 0.663981
0.144579 0.168918
0.696581 0.990978
0.903607 0.457399
0.302814 0.445023
0.559716 0.263988
0.721691 0.024078
0.942603 0.726007
0.873058 0.338543
0.931991 0.990122
0.179445 0.574367
0.866777 0.048667
0.775821 0.034953
0.654718 0.095708
0.100436 0.287530
0.373668 0.506107
0.067583 0.391667
0.957395 0.477826
0.975409 0.945920
0.272664 0.814385
0.346523 0.645516
0.325910 0.196676
0.579068 0.850699
0.957043 0.262524
0.679542 0.825369
0.211669 0.512035
0.905516 0.864887
0.011290 0.624164
0.635395 0.991089
0.688512 0.539751
0.182109 0.264042
0.819845 0.069575
0.014169 0.611361
0.676137 0.825739
0.530225 0.842369
0.825211 0.389627
0.090809 0.762954
0.965143 0.878360
0.633299 0.096083
0.592191 0.015701
0.591976 0.833705
0.741454 0.615698
0.120549 0.172807
0.845115 0.591481
0.521892 0.208123
0.424404 0.580881
0.628095 0.703448
0.748253 0.620858
0.155584 0.542322
0.074814 0.590800
0.979407 0.267247
0.391841 0.272562
0.558910 0.043787
0.993942 0.796754
0.617374 0.812626
0.221409 0.858434
0.983596 0.635532
0.562759 0.451363
0.642652 0.656284
0.555313 0.762148
0.354161 0.811200
0.635302 0.345588
0.179301 0.481651
0.454069 0.294624
0.591417 0.005398
0.326420 0.649064
0.025873 0.576563
0.376472 0.757736
0.212406 0.821578
0.206815 0.606471
0.198041 0.547191
0.473689 0.223923
0.583656 0.220853
0.508854 0.856859
0.863957 0.647279
0.465324 0.669390
0.810281 0.791488
0.548403 0.307401
0.657824 0.018990
0.968772 0.329701
0.417519 0.547923
0.717488 0.161787
0.375865 0.318900
0.055953 0.453871
0.087961 0.882157
0.529677 0.817807
0.595553 0.935770
0.081727 0.732016
0.682723 0.795203
0.572892 0.301453
0.312440 0.887620
0.354500 0.814114
0.765899 0.510079
0.912076 0.300759
0.006539 0.757741
0.764781 0.195857
0.815667 0.858987
0.657096 0.519520
0.628470 0.636839
0.848953 0.229336
0.917005 0.949881
0.220049 0.105273
0.673592 0.112931
0.249071 0.164155
0.858317 0.908915
0.313305 0.331703
0.464242 0.136036
0.781003 0.533096
0.296713 0.481914
0.592812 0.344148
0.268168 0.145965
0.681482 0.442212
0.087909 0.608208
0.116635 0.133452
0.646854 0.860410
0.726563 0.986368
0.244990 0.826114
0.596801 0.754052
0.480053 0.124693
0.810324 0.347321
0.162374 0.533350
0.528169 0.260929
0.749893 0.358257
0.530807 0.545595
0.944690 0.979526
0.689508 0.000813
0.800508 0.888127
0.982277 0.019552
0.859603 0.866637
0.192719 0.838402
0.046752 0.069326
0.593163 0.965206
0.470523 0.377759
0.497455 0.988192
0.663867 0.549509
0.792154 0.474106
0.500700 0.774294
0.477117 0.129135
0.033424 0.643164
0.105875 0.888116
0.503498 0.015615
0.271098 0.583169
0.329621 0.380775
0.893421 0.648985
0.247972 0.873689
0.840663 0.639371
0.243965 0.811245
0.425868 0.279965
0.215791 0.252323
0.456809 0.616743
0.902577 0.827813
0.204517 0.893495
0.344719 0.518116
0.330484 0.814971
0.110337 0.923326
0.218093 0.257835
0.175709 0.115658
0.580877 0.439135
0.816900 0.337161
0.780156 0.586327
0.687642 0.470568
0.276916 0.007371
0.254050 0.571263
0.531934 0.965071
0.711216 0.159434
0.991562 0.345406
0.589940 0.124612
0.710147 0.930319
0.300795 0.809505
0.974930 0.314838
0.151039 0.964857
0.624254 0.162692
0.581420 0.428960
0.063401 0.893110
0.835421 0.206012
0.834457 0.788246
0.741473 0.239379
0.037455 0.818069
0.787041 0.194557
0.264002 0.243931
0.523613 0.727641
0.278751 0.181311
0.718111 0.937687
0.364287 0.483290
0.913887 0.772565
0.174960 0.205150
0.053600 0.270253
0.473328 0.304200
0.471358 0.616039
0.930873 0.923497
0.622268 0.366092
0.257873 0.606943
0.647234 0.267981
0.058606 0.353522
0.954541 0.224548
0.310212 0.292846
0.701366 0.735012
0.444318 0.912818
0.725247 0.887979
0.852097 0.772593
0.320931 0.136851
0.673290 0.700234
0.752940 0.810639
0.399527 0.373203
0.315793 0.433083
0.871888 0.001914
0.550066 0.223692
0.573652 0.086221
0.084709 0.189987
0.985055 0.645829
0.430983 0.301567
0.580835 0.453198
0.462268 0.384831
0.241236 0.084451
0.686190 0.177250
0.425495 0.587248
0.146856 0.597360
0.362175 0.255602
0.548599 0.989060
0.768586 0.285256
0.501536 0.406071
0.525461 0.691549
0.787742 0.955783
0.295058 0.324255
0.022376 0.299662
0.941709 0.833400
0.118986 0.964640
0.887911 0.858094
0.923982 0.533988
0.970957 0.026197
0.562430 0.373095
0.564067 0.898365
0.449365 0.227452
0.358740 0.445732
0.454934 0.337833
0.462647 0.346520
0.300584 0.861235
0.845164 0.284019
0.892105 0.423661
0.345057 0.214394
0.711004 0.029145
0.600825 0.027979
0.292327 0.973003
0.591835 0.293014
0.288333 0.125394
0.330807 0.450324
0.713720 0.566649
0.041801 0.345990
0.050999 0.938762
0.425485 0.598824
0.730283 0.003571
0.105617 0.536202
0.601193 0.724307
0.114753 0.357256
0.746781 0.239185
0.967475 0.974452
0.485506 0.130290
0.018584 0.118221
0.376420 0.338101
0.772804 0.569763
0.438794 0.141142
0.144879 0.761165
0.938772 0.256890
0.528646 0.819883
0.806900 0.642857
0.042929 0.157948
0.840468 0.811980
0.666601 0.577219
0.266752 0.663335
0.107430 0.953676
0.573938 0.073445
0.859816 0.565359
0.225590 0.045546
0.984557 0.495178
0.224027 0.575959
0.193201 0.262824
