-0.667240 0.767885
0.400662 0.059620
0.363861 0.373178
0.078146 -0.486274
0.298390 -0.553928
1.027572 0.387629
-0.076546 0.478519
0.505701 -0.142281
-0.758120 -0.651027
-0.767970 -0.596047
0.939924 -0.147452
0.514317 0.030442
-0.517151 -0.123505
0.312929 0.480390
-0.434311 -0.939293
-0.086257 0.404620
0.340029 -0.303310
-0.433267 0.270025
-0.765914 -0.647509
0.532579 0.884474
0.419871 -0.938836
-0.453944 0.089099
0.901870 -0.316026
-0.875417 0.406397
0.419094 0.958714
-0.050058 -0.536494
0.844679 0.508341
-0.492036 0.085511
-0.749022 0.660647
0.874126 -0.455025
-0.104524 -0.530362
-1.042432 0.159408
-1.007568 0.137966
0.052616 -0.948971
-0.462483 -0.046882
0.528590 -0.159049
-0.114114 0.529961
0.078615 -0.448949
-0.459698 0.345565
1.008290 -0.319711
-0.152641 0.425112
0.380860 0.901223
-0.399456 -0.315693
0.774867 -0.648529
-0.371027 0.871101
1.067911 -0.009342
0.565290 -0.827626
-0.246662 0.451630
-0.259335 -0.410128
-0.802605 0.546583
-0.430840 0.165519
-0.426563 -0.896781
-0.356359 0.340412
-0.901523 -0.515980
-0.970542 -0.224679
0.996946 0.284569
-0.175731 0.491856
-0.324246 -1.012860
0.783645 -0.563921
-0.422572 0.388121
-0.492557 0.873952
0.398927 0.221129
-0.526708 -0.222113
-0.072102 -0.467317
0.170874 0.468127
0.194336 -1.058092
0.953991 0.210615
0.398664 -0.294270
0.505291 0.294439
-0.338950 0.895262
-0.871773 -0.396561
-0.151217 1.015801
-0.277986 0.388203
0.450863 -0.236069
-0.381344 -0.911042
-0.489005 0.148798
0.556003 0.206547
-0.790476 0.594888
0.563263 -0.026156
0.259365 0.481525
0.049778 0.481714
0.923271 -0.363427
0.451661 -0.430876
0.683070 -0.689155
-0.236232 0.381568
-0.122962 0.485339
-0.250008 -0.441880
-0.652574 -0.720044
-0.349203 0.317759
0.192246 0.919297
0.724672 -0.674832
-0.345440 -0.319601
-0.474605 -0.098411
0.269886 -0.956576
-0.264739 -0.936256
-0.475423 0.051618
0.179582 1.087738
0.007952 -0.609085
0.072756 0.995497
0.466851 -0.919125
-0.921365 0.446183
-0.303579 0.535921
-0.260032 0.937612
0.282564 -0.291391
0.887831 0.123253
-0.312736 -0.436270
-0.867921 0.346761
1.004691 -0.388764
0.222839 0.496295
-0.690398 -0.633075
0.380059 0.241371
1.027694 0.042242
-0.879198 -0.269385
0.977570 0.210735
0.247456 -0.418281
-0.013881 -0.430330
-0.365189 -0.003696
0.295365 0.351414
0.484925 -0.848221
0.031703 -1.001633
-0.038873 -0.502854
0.315447 0.913927
-1.056159 -0.302659
-0.543249 0.189416
-0.244023 -0.339421
0.895417 -0.371383
0.054848 1.004925
-0.330833 -0.298926
-0.445902 -0.108553
-0.320060 -0.438798
0.380827 -0.228511
0.876029 -0.548059
0.236727 0.533155
0.068902 1.025490
0.123372 0.461221
0.545535 -0.121102
0.182379 -0.464363
0.222270 -0.450258
0.179745 -0.468033
-0.027016 -1.059718
0.150536 -0.910773
0.241609 0.943190
-0.231109 0.830563
0.853059 0.576335
0.485629 -0.143705
1.042074 0.086982
-0.102796 0.560123
-0.342400 0.447937
0.924718 -0.163412
1.092678 0.123103
-0.910478 -0.480452
-0.526380 -0.090027
-0.950845 -0.217846
0.492714 -0.061161
-0.974470 -0.016160
0.852845 0.563570
-0.108296 0.972268
0.836025 0.425838
-0.498835 -0.030858
0.841144 0.311648
0.324231 0.362776
0.781302 -0.611317
-0.048538 1.021559
-0.513945 -0.227420
0.915302 -0.437628
-0.459360 0.839640
-0.379406 -0.285003
0.106919 0.471854
0.453334 -0.021495
0.295449 -0.312140
0.165671 -0.440508
-0.707722 -0.800016
0.419973 -0.345622
-0.475256 0.117519
0.410358 -0.115343
0.478639 -0.849064
-0.087914 0.513581
0.296211 0.975003
0.145618 0.417993
0.212029 -0.486265
-0.246565 0.426033
-0.575633 -0.891906
-0.878969 0.543127
0.441262 -0.229859
-0.046931 0.994047
-0.332460 0.332813
-0.153111 -0.462528
-0.027055 -0.487020
-0.052675 0.559141
-0.622379 0.854668
0.058004 0.450150
0.093612 -0.490776
-0.642207 0.716695
0.148173 0.544777
0.271565 -0.544793
0.072286 0.522808
-0.426873 -0.218391
-0.678697 0.671593
0.880870 0.389835
0.214204 -1.028535
-0.853682 -0.476859
-0.697741 -0.769980
-0.810188 -0.533826
0.331751 -0.232968
-0.520013 -0.964413
0.398772 0.017027
0.887282 -0.462101
-0.236839 -0.411688
-0.016702 1.015938
0.014355 0.554288
0.536349 0.081034
-0.962600 -0.509852
-0.717693 0.486725
-0.058217 -0.377768
1.015266 0.097707
-0.412786 -0.457640
0.883471 0.468913
-0.881236 -0.543355
1.009583 0.028967
0.401302 0.099945
0.689535 0.739279
-0.950287 0.379560
1.043981 -0.077082
-0.787741 0.535749
-0.399730 -0.308275
-0.003421 0.484494
-0.218630 -0.963586
0.954794 -0.123579
-0.923437 0.196644
-0.490047 -0.907806
-0.258717 -0.441438
-1.072207 0.080974
0.434374 0.198642
-0.906465 0.350307
-0.490156 0.143273
-0.056771 -0.551607
0.471687 0.247888
-0.933827 -0.337180
0.057573 -1.047427
-0.440103 0.266518
-0.074888 -0.993335
-1.037969 0.002659
0.356285 0.387327
0.408156 0.040302
-0.308192 -0.443234
-0.427293 -0.133749
-0.432705 0.292882
0.932934 -0.472491
-0.977867 -0.278060
0.652768 0.750798
0.447921 -0.282404
-0.561906 -0.856712
0.651501 0.755215
0.540863 0.883133
-0.787393 0.648124
-0.581782 0.853966
0.019437 0.909723
0.282090 -0.974399
0.368081 0.215201
0.768121 -0.694244
-0.230245 0.898307
0.661269 0.777936
0.144702 0.506947
0.677952 0.663942
-0.507260 0.169817
-0.499923 -0.141564
0.025947 -0.540178
0.679062 -0.791368
0.757229 0.586193
-0.341208 -0.244344
-0.498931 -0.082227
-0.664490 -0.682390
-0.081101 -0.489944
-0.448896 0.336650
-0.973723 -0.288691
0.628165 -0.849237
-0.840504 0.590417
-0.437894 0.377989
-0.415600 0.334154
-0.412324 0.284209
0.595540 -0.800072
-0.517678 -0.107997
0.054192 -0.887992
0.686409 -0.811781
0.419150 -0.865385
0.921762 -0.394856
0.489842 0.155499
-0.155272 0.977328
0.847054 0.582841
0.668565 -0.772741
0.827089 -0.520998
-0.974630 -0.110021
-0.900947 0.317686
-0.551924 -0.855886
-0.375504 -0.492789
-0.461466 -0.297459
0.484195 0.822491
0.329618 0.263331
-0.476466 0.219828
-0.345197 0.923866
-0.005230 0.504933
-0.020026 0.448176
0.941360 0.336381
0.230414 0.444066
-0.274224 -0.408694
0.482259 -0.119022
0.885964 -0.578236
-0.628983 -0.829234
-0.490180 0.780472
0.564903 -0.085894
0.392226 -0.324472
-0.967882 0.323736
-0.776713 -0.593551
-0.764904 -0.667766
0.887873 0.414986
-0.262409 0.384378
-0.991328 0.491271
-0.461591 0.196118
-0.809013 -0.364845
0.874012 -0.355116
0.502669 0.133861
-0.266778 -0.355785
-0.082507 0.437571
0.544092 0.003787
-0.445383 -0.363960
1.050259 -0.152610
-0.542345 -0.088104
0.885369 0.446383
-0.172249 0.454900
0.136519 0.521424
0.510319 0.240057
0.825789 -0.450288
-0.292259 -0.428277
1.015383 0.148893
-0.418941 -0.050592
-0.984583 -0.068904
0.348886 0.300259
0.258588 0.477223
-0.396026 0.907749
-0.069559 -0.931242
-0.142354 -0.333528
0.415031 -0.260261
0.418289 0.365645
0.249554 0.441109
-0.066220 -0.487423
-0.067723 -1.010981
0.144697 -0.473508
-0.382603 0.864589
0.186227 0.431273
0.471650 0.146760
0.976864 0.314451
-0.522281 0.046441
-0.556264 0.909059
0.494637 0.235520
0.584963 0.834733
0.449432 -0.171420
0.213559 0.978273
0.494124 0.814324
0.430974 0.221776
0.326992 0.943828
0.496360 -0.804297
-0.472391 -0.240932
-0.339009 -0.349038
-0.187957 -0.443918
-0.976685 0.059184
0.722471 -0.635017
0.027022 1.020565
-0.509288 -0.020413
-1.049495 -0.143239
0.015232 -0.955297
0.816412 0.551630
0.482107 0.892365
0.070964 -0.588971
0.997534 0.011952
0.282803 -0.859291
-0.484204 0.165682
-0.182036 -0.524626
-0.767250 0.543757
-0.386247 0.308826
0.156787 0.523686
0.452675 -0.215347
-0.150884 -1.011237
-0.546602 0.020870
0.550191 0.049168
-0.749221 0.709534
0.308365 -0.419161
-0.691269 0.737813
0.105694 -0.458460
-0.428252 -0.982636
-0.079175 1.001785
0.124098 0.546892
0.428080 0.955249
-0.306516 0.347164
-0.497714 -0.017586
0.434707 -0.926970
0.365169 0.385461
0.996077 -0.536919
-0.904949 -0.483145
-0.914444 -0.470146
-0.246727 0.366732
-0.176258 -0.986706
-0.439149 0.248861
-0.985277 -0.149409
0.303002 -0.387400
0.447794 -0.096622
0.474350 0.076884
-0.138133 0.526198
0.410135 -0.977486
-0.557453 0.873942
-1.015016 0.084529
0.479548 -0.267922
-0.063987 -0.538071
0.215757 -0.465018
0.235326 -0.455030
-0.531221 -0.123690
-0.738526 0.717586
-0.363225 0.877779
0.491636 0.203913
-0.971243 0.183388
-0.510284 0.205641
0.336163 0.388988
0.109468 0.975077
-0.092552 0.514880
0.555653 0.112486
-0.502945 0.050393
0.141209 -0.563418
0.619046 0.958680
-0.884717 0.500649
-0.407331 -0.169082
0.374184 -0.313528
0.368023 0.243081
0.127389 -0.470302
0.623763 0.809711
-0.483817 -0.272253
0.179199 0.973985
-0.171662 -0.425855
-0.012695 -0.513549
-0.986300 -0.071416
0.338141 0.429486
0.688380 0.583428
-0.036918 -1.052169
-0.457832 0.049248
-0.586061 -0.823046
-0.732921 -0.617572
0.986986 -0.226766
0.366746 -0.907777
0.723493 0.772545
0.696412 0.735258
-0.916312 -0.127745
-0.085582 -0.926719
0.411291 -0.308355
0.184142 -0.462908
0.370366 0.427058
-0.166213 -0.459217
-0.409121 -0.331048
0.262725 -0.453443
-0.759899 -0.528957
0.339758 0.397587
0.297015 -0.327519
-0.165588 -0.966120
-0.809014 0.590179
-0.393571 0.391893
0.142971 -0.429953
-0.033316 -0.514168
-0.281755 0.478359
0.227826 -0.997133
1.054190 -0.123144
0.309869 -0.422833
-1.069177 0.278175
-0.417789 -0.431143
0.544129 0.216461
-0.293449 0.910912
-0.202816 0.391193
0.873824 0.618608
-0.508997 -0.824093
-0.279214 0.452195
0.432349 -0.202890
-0.295222 -0.914841
0.409618 -0.197342
0.569516 0.810195
0.226523 -1.010119
-0.026956 0.538116
-0.415435 -0.259075
-0.635730 0.816643
0.433176 -0.299573
-0.226290 1.069126
-0.649902 0.737205
0.294392 0.446384
0.952380 -0.254639
0.505271 0.319700
0.583586 -0.814702
0.996267 0.251275
-0.423495 0.176926
0.172799 -1.069338
0.460827 0.026121
-0.078170 0.512643
0.095822 -1.056770
-1.118723 0.257297
0.350318 0.902654
-0.373200 -0.995355
