0.669694 -0.434326
1.407503 -0.464530
0.848534 0.416112
0.450751 0.802704
1.970001 0.167788
-0.550899 0.895119
0.795763 0.577655
-0.007678 0.329813
-0.392901 1.002355
1.565937 -0.371196
0.975684 0.094763
0.269681 -0.042815
-0.835142 0.712837
-0.623711 0.717629
0.139711 0.992377
0.868503 -0.515985
1.418190 -0.426678
-1.044185 0.037077
0.787435 0.710204
1.000805 0.009184
0.391921 0.889097
1.004728 -0.596171
0.299294 0.896771
-0.780827 0.642803
0.707397 0.665246
0.022146 0.215897
-0.819584 0.678417
0.100688 -0.053849
0.781097 -0.428601
1.208256 -0.485420
1.689228 -0.071674
0.347745 -0.335223
1.066549 0.070295
1.396527 -0.430587
0.354280 -0.111127
1.639529 -0.182695
0.506113 -0.439813
-1.034667 0.202364
0.655960 -0.404641
0.522295 -0.346978
0.026973 0.501944
-0.284839 0.886431
-0.263504 0.906076
1.379232 -0.434931
0.879371 0.391524
-0.869881 0.587804
1.039668 -0.483518
-0.660054 0.752361
1.291705 -0.483890
0.341231 -0.230975
0.233572 0.950726
0.617206 -0.347352
0.539350 -0.344436
0.639309 -0.338792
1.826569 0.013909
0.994111 0.348137
0.425851 -0.305352
-1.083667 0.071896
0.105347 0.340846
0.196104 1.025344
1.474943 -0.390201
-0.996643 0.268768
0.075733 0.066206
0.455272 -0.279245
1.154186 -0.554689
0.585192 0.899817
0.037620 1.011898
-0.043327 0.413905
-0.864938 0.398766
-0.924398 0.285922
0.891062 0.494302
1.021222 -0.503945
0.275097 0.971942
1.284827 -0.456729
1.944870 0.348361
0.028272 0.444977
1.033560 0.232313
0.818200 0.417235
-0.659898 0.800169
0.420905 1.021988
-0.639682 0.775787
1.589786 -0.282121
0.989095 0.371520
-0.650103 0.910746
1.899830 0.385124
1.054190 0.290104
0.676333 -0.513803
1.964394 0.256564
-1.015168 0.021461
0.724553 -0.379513
1.072446 0.187221
-0.859456 0.521598
1.697095 -0.247586
-0.066713 1.028111
0.792261 0.648041
-0.765739 0.789104
-0.483939 0.856845
0.005976 0.937892
-0.732467 0.766273
1.780280 -0.266718
1.024776 0.351581
1.961239 0.259186
1.949680 0.181985
0.154257 1.026196
0.626972 -0.431594
0.092745 0.295477
0.115407 1.015400
1.462985 -0.350759
0.914161 -0.527903
0.049756 0.397591
0.787608 0.626292
0.783184 -0.516559
1.007691 0.090117
-0.965520 0.272941
0.981761 0.281365
-0.683655 0.682455
1.829101 -0.027203
-0.419068 0.909958
1.990263 0.456223
0.904848 0.302249
-0.024880 0.961122
-0.221507 1.022231
0.919908 0.554531
-0.661241 0.703067
0.243167 0.950845
1.744083 0.061472
1.953259 0.157967
0.959630 0.315338
1.741612 -0.085065
0.379227 -0.319104
1.819626 0.055922
-0.863404 0.450016
1.944946 0.386039
0.461800 -0.336035
1.225729 -0.453482
0.065581 -0.074045
-0.064991 0.947810
0.005390 1.009980
1.310676 -0.485628
1.896348 0.492722
-0.920449 0.381457
0.423938 0.856480
0.741864 0.681484
0.363774 0.968107
-0.961394 0.393161
-0.324963 0.806227
0.782622 0.470619
1.055210 -0.497433
-0.991375 0.285288
-0.707084 0.671040
0.387954 -0.160015
1.871431 0.051679
-0.783543 0.379181
-0.746560 0.764228
1.932209 0.140142
1.278682 -0.399023
0.043078 0.097432
0.108996 1.034007
-0.997701 0.214206
1.534129 -0.420476
0.812656 -0.532050
0.565949 -0.438970
0.391614 -0.313057
-0.589603 0.755312
0.642127 0.783647
0.971122 0.091417
0.979329 0.398104
0.805686 0.576204
1.784664 -0.220793
1.798120 -0.106259
0.161550 1.055905
0.785243 -0.497642
2.028102 0.249757
-0.177028 0.961898
0.584778 -0.314575
0.971701 0.100253
-0.547335 0.869777
0.471088 0.886926
0.348849 0.977006
0.572561 0.808126
1.843951 0.003787
0.893102 0.570827
0.885637 0.225941
0.199540 -0.141792
0.980123 0.054061
-0.452178 0.935984
1.739719 -0.177177
-0.138204 1.019364
1.438233 -0.431682
0.429376 -0.314214
0.206286 -0.094274
1.715402 -0.207198
0.566149 -0.318686
2.038924 0.554643
1.943529 0.352263
0.417860 0.983088
-0.926518 0.295579
0.405837 0.880946
1.922157 0.051873
1.933904 0.262945
-0.774704 0.587629
1.960062 0.416249
-1.034246 -0.005552
0.587773 0.838052
0.071077 0.125082
0.209523 0.040773
-0.279878 0.909298
1.052020 -0.546974
1.942724 0.180007
0.870460 0.639014
1.915702 0.296786
0.237662 -0.009992
-0.547847 0.915328
0.264119 -0.339269
0.448357 -0.244359
0.828446 -0.553080
-0.009241 0.296635
0.870287 0.465956
0.837979 0.436581
-0.922381 0.547195
0.111642 -0.093232
0.159447 0.989473
0.105374 0.122948
0.064172 0.915109
1.911678 0.309559
1.027460 -0.474511
-0.620921 0.893917
0.301982 -0.170404
0.686433 0.722193
0.189890 -0.199715
1.176652 -0.433027
0.341280 0.885850
0.182290 -0.040786
-1.018489 0.025148
0.615768 0.798565
0.161692 -0.032727
0.458239 0.944024
0.022302 0.360289
-0.215611 1.034089
0.468768 -0.430903
0.897682 0.420982
0.904280 -0.095007
0.982410 -0.493175
0.880423 0.143588
1.016496 0.290050
0.008838 0.090068
-0.561165 0.865819
-0.098411 1.044106
0.319624 0.967778
0.217263 -0.148656
0.068414 0.113383
1.004342 0.122843
-0.864627 0.410882
0.672334 0.768640
1.896595 0.091399
0.628614 -0.475045
-1.056972 0.144011
1.308635 -0.520374
1.926395 0.340017
0.345424 -0.190031
1.587792 -0.209261
0.057624 0.209422
0.595052 0.770436
0.749155 -0.447804
0.520937 0.865051
1.120027 -0.539934
-1.003085 0.293754
-0.034801 0.097760
1.251315 -0.484337
0.155105 0.015463
1.952929 0.267255
1.220122 -0.510912
0.194289 -0.171845
-0.067111 1.028387
1.185104 -0.482545
1.712898 -0.214062
-0.560482 0.910471
-0.649802 0.735179
0.044892 1.065651
0.018347 0.349465
0.738806 0.822490
0.753402 -0.458448
-0.646011 0.813223
0.827077 0.570632
0.830666 0.541730
-0.852167 0.532022
-0.814852 0.535163
-1.006990 0.264869
-0.465541 0.862325
0.676976 -0.459266
0.465590 -0.334368
-0.955803 0.261647
0.087819 0.347430
-0.750528 0.729045
-0.112581 0.985691
2.004444 0.482981
0.722912 0.708050
-1.016494 0.084447
1.994284 0.163930
1.009835 -0.549332
0.827563 -0.518012
0.876940 -0.467975
1.431538 -0.391195
0.335732 -0.192719
-0.073862 0.491889
-0.300085 0.976068
1.509866 -0.470733
1.897603 -0.109560
0.048753 0.200045
0.985802 0.138766
0.116595 1.048236
2.083889 0.404856
-0.825656 0.527219
1.578549 -0.217442
-0.383508 0.938373
-0.204594 0.952533
0.238771 -0.233987
1.136185 -0.403824
0.237748 0.965839
1.230513 -0.443897
1.895272 0.119209
1.967642 0.093807
1.053607 -0.496949
-0.027415 0.928448
0.559131 0.813923
1.066678 -0.464909
-0.287417 0.842966
0.950106 0.191355
1.897508 0.010569
-0.827527 0.505104
1.168952 -0.642908
1.585462 -0.409229
-0.800089 0.528007
1.628809 -0.293950
0.652223 0.745116
-0.193853 0.973081
-0.063350 0.401685
1.982872 0.310459
-0.589107 0.797684
-0.652544 0.822839
-1.025771 0.101385
1.765498 -0.075272
1.898793 0.108412
0.369792 -0.283814
-0.850697 0.385650
0.885931 -0.483780
-0.839524 0.526265
-0.949167 0.185839
0.988121 0.324347
1.937054 -0.016441
-0.898229 0.101513
-0.053602 0.145613
1.591171 -0.314783
-0.265577 0.949340
-0.932060 0.562430
1.179214 -0.437390
0.804740 0.533777
0.657494 -0.486559
1.004351 0.229395
1.804426 -0.151693
0.103061 0.082222
1.425615 -0.473281
0.407219 0.970852
-0.865766 0.429967
0.822772 -0.492082
-0.130601 1.062320
0.138717 0.089652
0.503987 -0.395022
0.816492 0.602269
1.588027 -0.384458
0.042374 1.048452
0.355737 0.966997
2.031100 0.470059
0.982552 -0.454998
1.290331 -0.523180
-0.473059 0.844407
1.965297 0.149138
-0.028613 0.490591
0.956720 -0.441982
0.146672 0.110538
-0.818065 0.381718
0.568200 0.811697
0.040707 0.261295
-0.894342 0.167367
0.595935 0.828376
0.895946 0.073459
0.527424 0.885851
0.263605 -0.199998
1.616670 -0.284633
0.872090 0.486354
1.690564 -0.173291
1.418177 -0.388481
1.900511 0.193196
1.751586 -0.109309
-0.001077 0.250399
1.483482 -0.369833
-0.177623 1.001032
0.249413 -0.159294
0.845767 0.568242
0.331908 -0.319425
0.484031 0.874864
1.741301 -0.186689
0.493354 -0.344185
1.796821 -0.232251
-0.964187 0.349818
-0.361392 0.974855
1.990903 0.374823
0.889110 -0.501859
-1.053117 0.142293
0.882918 0.456676
-0.910798 0.242587
0.643165 -0.387671
-0.320136 0.887415
1.851650 0.000608
-0.505509 0.836575
-0.900636 0.418069
-0.000942 0.366190
0.247359 -0.117539
2.026213 0.472508
-0.000638 1.036811
-0.699373 0.639673
-0.829505 0.641794
0.792513 -0.501861
1.001761 0.148274
0.040433 0.999709
0.959841 0.017878
-0.707453 0.652580
-0.617619 0.784463
0.009712 -0.055074
-0.954421 0.253724
0.000760 0.420526
0.669819 -0.398762
0.661421 -0.467358
-0.275959 0.971914
0.667362 0.726657
1.201455 -0.424579
0.683014 0.929046
-0.034525 0.535946
1.615467 -0.274030
0.331887 -0.349393
0.769302 0.589180
0.079812 0.243245
0.998101 0.300377
0.221968 -0.110288
0.309078 -0.318881
0.207873 0.931077
1.357365 -0.415044
1.670632 -0.282242
0.154055 -0.069225
0.690843 0.665246
0.726440 0.693612
-1.024731 0.435661
1.821963 -0.086575
0.974501 0.065342
0.135172 0.171679
-1.018407 0.124604
-0.444273 0.875005
-0.079560 0.958313
0.018414 1.056541
1.880798 0.119789
1.354556 -0.373218
0.292543 0.830332
1.472361 -0.405205
-0.641074 0.757594
1.043479 -0.600487
0.579149 0.870372
-0.496229 0.969759
0.300955 -0.232789
1.854085 -0.041387
-0.149902 1.091825
0.510479 0.873788
1.249774 -0.495352
-0.764523 0.514258
-0.837004 0.755029
0.046539 0.950868
-0.885386 0.288929
1.665242 -0.186592
-1.045666 0.138320
-0.993918 0.084228
1.746896 -0.312749
0.425050 0.880400
0.763222 0.698337
1.561622 -0.349650
0.071266 -0.029929
0.037078 0.204875
0.996737 -0.420777
-0.469639 0.941601
-0.194904 0.998824
0.707162 0.715203
0.506505 1.014778
0.910582 0.397296
0.188880 0.965582
0.434199 -0.370524
0.748443 0.627957
2.070898 0.265526
0.069236 0.185389
0.833667 0.509933
1.611777 -0.335391
0.096304 0.050563
1.939935 0.136983
